{
 "cells": [
  {
   "cell_type": "markdown",
   "metadata": {},
   "source": [
    "Economic Impact Code\n",
    "\n",
    "Load all necessary packages"
   ]
  },
  {
   "cell_type": "code",
   "execution_count": 11,
   "metadata": {
    "vscode": {
     "languageId": "r"
    }
   },
   "outputs": [
    {
     "name": "stderr",
     "output_type": "stream",
     "text": [
      "Loading required package: lattice\n",
      "\n",
      "Loading required package: leaps\n",
      "\n",
      "Loading required package: ltsa\n",
      "\n",
      "Loading required package: bestglm\n",
      "\n",
      "Warning message:\n",
      "“package ‘forecast’ was built under R version 4.0.5”\n",
      "Registered S3 method overwritten by 'quantmod':\n",
      "  method            from\n",
      "  as.zoo.data.frame zoo \n",
      "\n",
      "\n",
      "Attaching package: ‘forecast’\n",
      "\n",
      "\n",
      "The following object is masked from ‘package:FitAR’:\n",
      "\n",
      "    BoxCox\n",
      "\n",
      "\n",
      "── \u001b[1mAttaching packages\u001b[22m ─────────────────────────────────────── tidyverse 1.3.1 ──\n",
      "\n",
      "\u001b[32m✔\u001b[39m \u001b[34mtibble \u001b[39m 3.1.2     \u001b[32m✔\u001b[39m \u001b[34mdplyr  \u001b[39m 1.0.5\n",
      "\u001b[32m✔\u001b[39m \u001b[34mtidyr  \u001b[39m 1.1.3     \u001b[32m✔\u001b[39m \u001b[34mstringr\u001b[39m 1.4.0\n",
      "\u001b[32m✔\u001b[39m \u001b[34mreadr  \u001b[39m 1.4.0     \u001b[32m✔\u001b[39m \u001b[34mforcats\u001b[39m 0.5.1\n",
      "\u001b[32m✔\u001b[39m \u001b[34mpurrr  \u001b[39m 0.3.4     \n",
      "\n",
      "── \u001b[1mConflicts\u001b[22m ────────────────────────────────────────── tidyverse_conflicts() ──\n",
      "\u001b[31m✖\u001b[39m \u001b[34mdplyr\u001b[39m::\u001b[32mfilter()\u001b[39m masks \u001b[34mstats\u001b[39m::filter()\n",
      "\u001b[31m✖\u001b[39m \u001b[34mdplyr\u001b[39m::\u001b[32mlag()\u001b[39m    masks \u001b[34mstats\u001b[39m::lag()\n",
      "\n",
      "Loading required package: Matrix\n",
      "\n",
      "\n",
      "Attaching package: ‘Matrix’\n",
      "\n",
      "\n",
      "The following objects are masked from ‘package:tidyr’:\n",
      "\n",
      "    expand, pack, unpack\n",
      "\n",
      "\n",
      "Loaded glmnet 4.1-2\n",
      "\n",
      "\n",
      "Attaching package: ‘caret’\n",
      "\n",
      "\n",
      "The following object is masked from ‘package:purrr’:\n",
      "\n",
      "    lift\n",
      "\n",
      "\n"
     ]
    },
    {
     "ename": "ERROR",
     "evalue": "Error in library(forcasts): there is no package called ‘forcasts’\n",
     "output_type": "error",
     "traceback": [
      "Error in library(forcasts): there is no package called ‘forcasts’\nTraceback:\n",
      "1. library(forcasts)"
     ]
    }
   ],
   "source": [
    "library(FitAR)\n",
    "library(forecast)\n",
    "library(ggplot2)\n",
    "library(tidyverse)\n",
    "library(FitAR)\n",
    "library(glmnet)\n",
    "library(leaps)\n",
    "library(caret)\n",
    "library(forcasts)\n",
    "library(tidyverse)\n",
    "library(dplyr)\n",
    "library(GGally)\n",
    "library(broom)"
   ]
  },
  {
   "cell_type": "markdown",
   "metadata": {},
   "source": [
    "Import, Tidy and Check Inflation Data"
   ]
  },
  {
   "cell_type": "code",
   "execution_count": 9,
   "metadata": {
    "vscode": {
     "languageId": "r"
    }
   },
   "outputs": [
    {
     "data": {
      "text/html": [
       "<table class=\"dataframe\">\n",
       "<caption>A data.frame: 6 × 2</caption>\n",
       "<thead>\n",
       "\t<tr><th></th><th scope=col>Time</th><th scope=col>InflationRate</th></tr>\n",
       "\t<tr><th></th><th scope=col>&lt;int&gt;</th><th scope=col>&lt;dbl&gt;</th></tr>\n",
       "</thead>\n",
       "<tbody>\n",
       "\t<tr><th scope=row>1</th><td>1991</td><td>9.73</td></tr>\n",
       "\t<tr><th scope=row>2</th><td>1992</td><td>8.04</td></tr>\n",
       "\t<tr><th scope=row>3</th><td>1993</td><td>7.00</td></tr>\n",
       "\t<tr><th scope=row>4</th><td>1994</td><td>4.80</td></tr>\n",
       "\t<tr><th scope=row>5</th><td>1995</td><td>3.35</td></tr>\n",
       "\t<tr><th scope=row>6</th><td>1996</td><td>3.52</td></tr>\n",
       "</tbody>\n",
       "</table>\n"
      ],
      "text/latex": [
       "A data.frame: 6 × 2\n",
       "\\begin{tabular}{r|ll}\n",
       "  & Time & InflationRate\\\\\n",
       "  & <int> & <dbl>\\\\\n",
       "\\hline\n",
       "\t1 & 1991 & 9.73\\\\\n",
       "\t2 & 1992 & 8.04\\\\\n",
       "\t3 & 1993 & 7.00\\\\\n",
       "\t4 & 1994 & 4.80\\\\\n",
       "\t5 & 1995 & 3.35\\\\\n",
       "\t6 & 1996 & 3.52\\\\\n",
       "\\end{tabular}\n"
      ],
      "text/markdown": [
       "\n",
       "A data.frame: 6 × 2\n",
       "\n",
       "| <!--/--> | Time &lt;int&gt; | InflationRate &lt;dbl&gt; |\n",
       "|---|---|---|\n",
       "| 1 | 1991 | 9.73 |\n",
       "| 2 | 1992 | 8.04 |\n",
       "| 3 | 1993 | 7.00 |\n",
       "| 4 | 1994 | 4.80 |\n",
       "| 5 | 1995 | 3.35 |\n",
       "| 6 | 1996 | 3.52 |\n",
       "\n"
      ],
      "text/plain": [
       "  Time InflationRate\n",
       "1 1991 9.73         \n",
       "2 1992 8.04         \n",
       "3 1993 7.00         \n",
       "4 1994 4.80         \n",
       "5 1995 3.35         \n",
       "6 1996 3.52         "
      ]
     },
     "metadata": {},
     "output_type": "display_data"
    },
    {
     "data": {
      "text/html": [
       "<table class=\"dataframe\">\n",
       "<caption>A data.frame: 6 × 2</caption>\n",
       "<thead>\n",
       "\t<tr><th></th><th scope=col>Time</th><th scope=col>InflationRate</th></tr>\n",
       "\t<tr><th></th><th scope=col>&lt;int&gt;</th><th scope=col>&lt;dbl&gt;</th></tr>\n",
       "</thead>\n",
       "<tbody>\n",
       "\t<tr><th scope=row>25</th><td>2015</td><td>1.30</td></tr>\n",
       "\t<tr><th scope=row>26</th><td>2016</td><td>1.23</td></tr>\n",
       "\t<tr><th scope=row>27</th><td>2017</td><td>3.29</td></tr>\n",
       "\t<tr><th scope=row>28</th><td>2018</td><td>4.23</td></tr>\n",
       "\t<tr><th scope=row>29</th><td>2019</td><td>3.00</td></tr>\n",
       "\t<tr><th scope=row>30</th><td>2020</td><td>1.32</td></tr>\n",
       "</tbody>\n",
       "</table>\n"
      ],
      "text/latex": [
       "A data.frame: 6 × 2\n",
       "\\begin{tabular}{r|ll}\n",
       "  & Time & InflationRate\\\\\n",
       "  & <int> & <dbl>\\\\\n",
       "\\hline\n",
       "\t25 & 2015 & 1.30\\\\\n",
       "\t26 & 2016 & 1.23\\\\\n",
       "\t27 & 2017 & 3.29\\\\\n",
       "\t28 & 2018 & 4.23\\\\\n",
       "\t29 & 2019 & 3.00\\\\\n",
       "\t30 & 2020 & 1.32\\\\\n",
       "\\end{tabular}\n"
      ],
      "text/markdown": [
       "\n",
       "A data.frame: 6 × 2\n",
       "\n",
       "| <!--/--> | Time &lt;int&gt; | InflationRate &lt;dbl&gt; |\n",
       "|---|---|---|\n",
       "| 25 | 2015 | 1.30 |\n",
       "| 26 | 2016 | 1.23 |\n",
       "| 27 | 2017 | 3.29 |\n",
       "| 28 | 2018 | 4.23 |\n",
       "| 29 | 2019 | 3.00 |\n",
       "| 30 | 2020 | 1.32 |\n",
       "\n"
      ],
      "text/plain": [
       "   Time InflationRate\n",
       "25 2015 1.30         \n",
       "26 2016 1.23         \n",
       "27 2017 3.29         \n",
       "28 2018 4.23         \n",
       "29 2019 3.00         \n",
       "30 2020 1.32         "
      ]
     },
     "metadata": {},
     "output_type": "display_data"
    }
   ],
   "source": [
    "data<-read.csv(\"Economic Impact Data/Inflation.csv\") \n",
    "colnames(data)<-c(\"Time\",\"InflationRate\")\n",
    "head(data)\n",
    "\n",
    "data$InflationRate <- as.numeric(data$InflationRate)\n",
    "tail(data)"
   ]
  },
  {
   "cell_type": "markdown",
   "metadata": {},
   "source": [
    "Create a Time Series"
   ]
  },
  {
   "cell_type": "code",
   "execution_count": 12,
   "metadata": {
    "vscode": {
     "languageId": "r"
    }
   },
   "outputs": [],
   "source": [
    "cpi <- ts(data$InflationRate, frequency = 1, start = c(1991))"
   ]
  },
  {
   "cell_type": "markdown",
   "metadata": {},
   "source": [
    "Make a dataframe in order to plot CPI and return a statistical summary"
   ]
  },
  {
   "cell_type": "code",
   "execution_count": 14,
   "metadata": {
    "vscode": {
     "languageId": "r"
    }
   },
   "outputs": [
    {
     "name": "stderr",
     "output_type": "stream",
     "text": [
      "Don't know how to automatically pick scale for object of type ts. Defaulting to continuous.\n",
      "\n"
     ]
    },
    {
     "data": {
      "text/html": [
       "<table class=\"dataframe\">\n",
       "<caption>A data.frame: 30 × 2</caption>\n",
       "<thead>\n",
       "\t<tr><th scope=col>date</th><th scope=col>cpi</th></tr>\n",
       "\t<tr><th scope=col>&lt;date&gt;</th><th scope=col>&lt;dbl&gt;</th></tr>\n",
       "</thead>\n",
       "<tbody>\n",
       "\t<tr><td>1991-12-01</td><td> 9.73</td></tr>\n",
       "\t<tr><td>1992-12-01</td><td> 8.04</td></tr>\n",
       "\t<tr><td>1993-12-01</td><td> 7.00</td></tr>\n",
       "\t<tr><td>2008-12-01</td><td> 6.41</td></tr>\n",
       "\t<tr><td>1997-12-01</td><td> 5.09</td></tr>\n",
       "\t<tr><td>1994-12-01</td><td> 4.80</td></tr>\n",
       "\t<tr><td>2014-12-01</td><td> 4.79</td></tr>\n",
       "\t<tr><td>2018-12-01</td><td> 4.23</td></tr>\n",
       "\t<tr><td>2007-12-01</td><td> 4.03</td></tr>\n",
       "\t<tr><td>2006-12-01</td><td> 3.96</td></tr>\n",
       "\t<tr><td>2011-12-01</td><td> 3.76</td></tr>\n",
       "\t<tr><td>1996-12-01</td><td> 3.52</td></tr>\n",
       "\t<tr><td>2005-12-01</td><td> 3.52</td></tr>\n",
       "\t<tr><td>1995-12-01</td><td> 3.35</td></tr>\n",
       "\t<tr><td>2004-12-01</td><td> 3.34</td></tr>\n",
       "\t<tr><td>2017-12-01</td><td> 3.29</td></tr>\n",
       "\t<tr><td>2012-12-01</td><td> 3.09</td></tr>\n",
       "\t<tr><td>2000-12-01</td><td> 3.02</td></tr>\n",
       "\t<tr><td>2019-12-01</td><td> 3.00</td></tr>\n",
       "\t<tr><td>2001-12-01</td><td> 2.95</td></tr>\n",
       "\t<tr><td>2013-12-01</td><td> 2.65</td></tr>\n",
       "\t<tr><td>1998-12-01</td><td> 2.58</td></tr>\n",
       "\t<tr><td>2003-12-01</td><td> 2.28</td></tr>\n",
       "\t<tr><td>1999-12-01</td><td> 1.79</td></tr>\n",
       "\t<tr><td>2010-12-01</td><td> 1.38</td></tr>\n",
       "\t<tr><td>2002-12-01</td><td> 1.37</td></tr>\n",
       "\t<tr><td>2020-12-01</td><td> 1.32</td></tr>\n",
       "\t<tr><td>2015-12-01</td><td> 1.30</td></tr>\n",
       "\t<tr><td>2016-12-01</td><td> 1.23</td></tr>\n",
       "\t<tr><td>2009-12-01</td><td>-1.42</td></tr>\n",
       "</tbody>\n",
       "</table>\n"
      ],
      "text/latex": [
       "A data.frame: 30 × 2\n",
       "\\begin{tabular}{ll}\n",
       " date & cpi\\\\\n",
       " <date> & <dbl>\\\\\n",
       "\\hline\n",
       "\t 1991-12-01 &  9.73\\\\\n",
       "\t 1992-12-01 &  8.04\\\\\n",
       "\t 1993-12-01 &  7.00\\\\\n",
       "\t 2008-12-01 &  6.41\\\\\n",
       "\t 1997-12-01 &  5.09\\\\\n",
       "\t 1994-12-01 &  4.80\\\\\n",
       "\t 2014-12-01 &  4.79\\\\\n",
       "\t 2018-12-01 &  4.23\\\\\n",
       "\t 2007-12-01 &  4.03\\\\\n",
       "\t 2006-12-01 &  3.96\\\\\n",
       "\t 2011-12-01 &  3.76\\\\\n",
       "\t 1996-12-01 &  3.52\\\\\n",
       "\t 2005-12-01 &  3.52\\\\\n",
       "\t 1995-12-01 &  3.35\\\\\n",
       "\t 2004-12-01 &  3.34\\\\\n",
       "\t 2017-12-01 &  3.29\\\\\n",
       "\t 2012-12-01 &  3.09\\\\\n",
       "\t 2000-12-01 &  3.02\\\\\n",
       "\t 2019-12-01 &  3.00\\\\\n",
       "\t 2001-12-01 &  2.95\\\\\n",
       "\t 2013-12-01 &  2.65\\\\\n",
       "\t 1998-12-01 &  2.58\\\\\n",
       "\t 2003-12-01 &  2.28\\\\\n",
       "\t 1999-12-01 &  1.79\\\\\n",
       "\t 2010-12-01 &  1.38\\\\\n",
       "\t 2002-12-01 &  1.37\\\\\n",
       "\t 2020-12-01 &  1.32\\\\\n",
       "\t 2015-12-01 &  1.30\\\\\n",
       "\t 2016-12-01 &  1.23\\\\\n",
       "\t 2009-12-01 & -1.42\\\\\n",
       "\\end{tabular}\n"
      ],
      "text/markdown": [
       "\n",
       "A data.frame: 30 × 2\n",
       "\n",
       "| date &lt;date&gt; | cpi &lt;dbl&gt; |\n",
       "|---|---|\n",
       "| 1991-12-01 |  9.73 |\n",
       "| 1992-12-01 |  8.04 |\n",
       "| 1993-12-01 |  7.00 |\n",
       "| 2008-12-01 |  6.41 |\n",
       "| 1997-12-01 |  5.09 |\n",
       "| 1994-12-01 |  4.80 |\n",
       "| 2014-12-01 |  4.79 |\n",
       "| 2018-12-01 |  4.23 |\n",
       "| 2007-12-01 |  4.03 |\n",
       "| 2006-12-01 |  3.96 |\n",
       "| 2011-12-01 |  3.76 |\n",
       "| 1996-12-01 |  3.52 |\n",
       "| 2005-12-01 |  3.52 |\n",
       "| 1995-12-01 |  3.35 |\n",
       "| 2004-12-01 |  3.34 |\n",
       "| 2017-12-01 |  3.29 |\n",
       "| 2012-12-01 |  3.09 |\n",
       "| 2000-12-01 |  3.02 |\n",
       "| 2019-12-01 |  3.00 |\n",
       "| 2001-12-01 |  2.95 |\n",
       "| 2013-12-01 |  2.65 |\n",
       "| 1998-12-01 |  2.58 |\n",
       "| 2003-12-01 |  2.28 |\n",
       "| 1999-12-01 |  1.79 |\n",
       "| 2010-12-01 |  1.38 |\n",
       "| 2002-12-01 |  1.37 |\n",
       "| 2020-12-01 |  1.32 |\n",
       "| 2015-12-01 |  1.30 |\n",
       "| 2016-12-01 |  1.23 |\n",
       "| 2009-12-01 | -1.42 |\n",
       "\n"
      ],
      "text/plain": [
       "   date       cpi  \n",
       "1  1991-12-01  9.73\n",
       "2  1992-12-01  8.04\n",
       "3  1993-12-01  7.00\n",
       "4  2008-12-01  6.41\n",
       "5  1997-12-01  5.09\n",
       "6  1994-12-01  4.80\n",
       "7  2014-12-01  4.79\n",
       "8  2018-12-01  4.23\n",
       "9  2007-12-01  4.03\n",
       "10 2006-12-01  3.96\n",
       "11 2011-12-01  3.76\n",
       "12 1996-12-01  3.52\n",
       "13 2005-12-01  3.52\n",
       "14 1995-12-01  3.35\n",
       "15 2004-12-01  3.34\n",
       "16 2017-12-01  3.29\n",
       "17 2012-12-01  3.09\n",
       "18 2000-12-01  3.02\n",
       "19 2019-12-01  3.00\n",
       "20 2001-12-01  2.95\n",
       "21 2013-12-01  2.65\n",
       "22 1998-12-01  2.58\n",
       "23 2003-12-01  2.28\n",
       "24 1999-12-01  1.79\n",
       "25 2010-12-01  1.38\n",
       "26 2002-12-01  1.37\n",
       "27 2020-12-01  1.32\n",
       "28 2015-12-01  1.30\n",
       "29 2016-12-01  1.23\n",
       "30 2009-12-01 -1.42"
      ]
     },
     "metadata": {},
     "output_type": "display_data"
    },
    {
     "data": {
      "text/html": [
       "<table class=\"dataframe\">\n",
       "<caption>A data.frame: 30 × 2</caption>\n",
       "<thead>\n",
       "\t<tr><th scope=col>date</th><th scope=col>cpi</th></tr>\n",
       "\t<tr><th scope=col>&lt;date&gt;</th><th scope=col>&lt;dbl&gt;</th></tr>\n",
       "</thead>\n",
       "<tbody>\n",
       "\t<tr><td>2009-12-01</td><td>-1.42</td></tr>\n",
       "\t<tr><td>2016-12-01</td><td> 1.23</td></tr>\n",
       "\t<tr><td>2015-12-01</td><td> 1.30</td></tr>\n",
       "\t<tr><td>2020-12-01</td><td> 1.32</td></tr>\n",
       "\t<tr><td>2002-12-01</td><td> 1.37</td></tr>\n",
       "\t<tr><td>2010-12-01</td><td> 1.38</td></tr>\n",
       "\t<tr><td>1999-12-01</td><td> 1.79</td></tr>\n",
       "\t<tr><td>2003-12-01</td><td> 2.28</td></tr>\n",
       "\t<tr><td>1998-12-01</td><td> 2.58</td></tr>\n",
       "\t<tr><td>2013-12-01</td><td> 2.65</td></tr>\n",
       "\t<tr><td>2001-12-01</td><td> 2.95</td></tr>\n",
       "\t<tr><td>2019-12-01</td><td> 3.00</td></tr>\n",
       "\t<tr><td>2000-12-01</td><td> 3.02</td></tr>\n",
       "\t<tr><td>2012-12-01</td><td> 3.09</td></tr>\n",
       "\t<tr><td>2017-12-01</td><td> 3.29</td></tr>\n",
       "\t<tr><td>2004-12-01</td><td> 3.34</td></tr>\n",
       "\t<tr><td>1995-12-01</td><td> 3.35</td></tr>\n",
       "\t<tr><td>1996-12-01</td><td> 3.52</td></tr>\n",
       "\t<tr><td>2005-12-01</td><td> 3.52</td></tr>\n",
       "\t<tr><td>2011-12-01</td><td> 3.76</td></tr>\n",
       "\t<tr><td>2006-12-01</td><td> 3.96</td></tr>\n",
       "\t<tr><td>2007-12-01</td><td> 4.03</td></tr>\n",
       "\t<tr><td>2018-12-01</td><td> 4.23</td></tr>\n",
       "\t<tr><td>2014-12-01</td><td> 4.79</td></tr>\n",
       "\t<tr><td>1994-12-01</td><td> 4.80</td></tr>\n",
       "\t<tr><td>1997-12-01</td><td> 5.09</td></tr>\n",
       "\t<tr><td>2008-12-01</td><td> 6.41</td></tr>\n",
       "\t<tr><td>1993-12-01</td><td> 7.00</td></tr>\n",
       "\t<tr><td>1992-12-01</td><td> 8.04</td></tr>\n",
       "\t<tr><td>1991-12-01</td><td> 9.73</td></tr>\n",
       "</tbody>\n",
       "</table>\n"
      ],
      "text/latex": [
       "A data.frame: 30 × 2\n",
       "\\begin{tabular}{ll}\n",
       " date & cpi\\\\\n",
       " <date> & <dbl>\\\\\n",
       "\\hline\n",
       "\t 2009-12-01 & -1.42\\\\\n",
       "\t 2016-12-01 &  1.23\\\\\n",
       "\t 2015-12-01 &  1.30\\\\\n",
       "\t 2020-12-01 &  1.32\\\\\n",
       "\t 2002-12-01 &  1.37\\\\\n",
       "\t 2010-12-01 &  1.38\\\\\n",
       "\t 1999-12-01 &  1.79\\\\\n",
       "\t 2003-12-01 &  2.28\\\\\n",
       "\t 1998-12-01 &  2.58\\\\\n",
       "\t 2013-12-01 &  2.65\\\\\n",
       "\t 2001-12-01 &  2.95\\\\\n",
       "\t 2019-12-01 &  3.00\\\\\n",
       "\t 2000-12-01 &  3.02\\\\\n",
       "\t 2012-12-01 &  3.09\\\\\n",
       "\t 2017-12-01 &  3.29\\\\\n",
       "\t 2004-12-01 &  3.34\\\\\n",
       "\t 1995-12-01 &  3.35\\\\\n",
       "\t 1996-12-01 &  3.52\\\\\n",
       "\t 2005-12-01 &  3.52\\\\\n",
       "\t 2011-12-01 &  3.76\\\\\n",
       "\t 2006-12-01 &  3.96\\\\\n",
       "\t 2007-12-01 &  4.03\\\\\n",
       "\t 2018-12-01 &  4.23\\\\\n",
       "\t 2014-12-01 &  4.79\\\\\n",
       "\t 1994-12-01 &  4.80\\\\\n",
       "\t 1997-12-01 &  5.09\\\\\n",
       "\t 2008-12-01 &  6.41\\\\\n",
       "\t 1993-12-01 &  7.00\\\\\n",
       "\t 1992-12-01 &  8.04\\\\\n",
       "\t 1991-12-01 &  9.73\\\\\n",
       "\\end{tabular}\n"
      ],
      "text/markdown": [
       "\n",
       "A data.frame: 30 × 2\n",
       "\n",
       "| date &lt;date&gt; | cpi &lt;dbl&gt; |\n",
       "|---|---|\n",
       "| 2009-12-01 | -1.42 |\n",
       "| 2016-12-01 |  1.23 |\n",
       "| 2015-12-01 |  1.30 |\n",
       "| 2020-12-01 |  1.32 |\n",
       "| 2002-12-01 |  1.37 |\n",
       "| 2010-12-01 |  1.38 |\n",
       "| 1999-12-01 |  1.79 |\n",
       "| 2003-12-01 |  2.28 |\n",
       "| 1998-12-01 |  2.58 |\n",
       "| 2013-12-01 |  2.65 |\n",
       "| 2001-12-01 |  2.95 |\n",
       "| 2019-12-01 |  3.00 |\n",
       "| 2000-12-01 |  3.02 |\n",
       "| 2012-12-01 |  3.09 |\n",
       "| 2017-12-01 |  3.29 |\n",
       "| 2004-12-01 |  3.34 |\n",
       "| 1995-12-01 |  3.35 |\n",
       "| 1996-12-01 |  3.52 |\n",
       "| 2005-12-01 |  3.52 |\n",
       "| 2011-12-01 |  3.76 |\n",
       "| 2006-12-01 |  3.96 |\n",
       "| 2007-12-01 |  4.03 |\n",
       "| 2018-12-01 |  4.23 |\n",
       "| 2014-12-01 |  4.79 |\n",
       "| 1994-12-01 |  4.80 |\n",
       "| 1997-12-01 |  5.09 |\n",
       "| 2008-12-01 |  6.41 |\n",
       "| 1993-12-01 |  7.00 |\n",
       "| 1992-12-01 |  8.04 |\n",
       "| 1991-12-01 |  9.73 |\n",
       "\n"
      ],
      "text/plain": [
       "   date       cpi  \n",
       "1  2009-12-01 -1.42\n",
       "2  2016-12-01  1.23\n",
       "3  2015-12-01  1.30\n",
       "4  2020-12-01  1.32\n",
       "5  2002-12-01  1.37\n",
       "6  2010-12-01  1.38\n",
       "7  1999-12-01  1.79\n",
       "8  2003-12-01  2.28\n",
       "9  1998-12-01  2.58\n",
       "10 2013-12-01  2.65\n",
       "11 2001-12-01  2.95\n",
       "12 2019-12-01  3.00\n",
       "13 2000-12-01  3.02\n",
       "14 2012-12-01  3.09\n",
       "15 2017-12-01  3.29\n",
       "16 2004-12-01  3.34\n",
       "17 1995-12-01  3.35\n",
       "18 1996-12-01  3.52\n",
       "19 2005-12-01  3.52\n",
       "20 2011-12-01  3.76\n",
       "21 2006-12-01  3.96\n",
       "22 2007-12-01  4.03\n",
       "23 2018-12-01  4.23\n",
       "24 2014-12-01  4.79\n",
       "25 1994-12-01  4.80\n",
       "26 1997-12-01  5.09\n",
       "27 2008-12-01  6.41\n",
       "28 1993-12-01  7.00\n",
       "29 1992-12-01  8.04\n",
       "30 1991-12-01  9.73"
      ]
     },
     "metadata": {},
     "output_type": "display_data"
    },
    {
     "data": {
